0 0 0 0 0 0 0 0 0
0 0 0 0 0 3 0 8 5
0 0 1 0 2 0 0 0 0
0 0 0 5 0 7 0 0 0
0 0 4 0 0 0 1 0 0
0 9 0 0 0 0 0 0 0
5 0 0 0 0 0 0 7 3
0 0 2 0 1 0 0 0 0
0 0 0 0 4 0 0 0 9

0 0 0 0 0 0 0 1 2
0 0 0 0 0 0 0 0 3
0 0 2 3 0 0 4 0 0
0 0 1 8 0 0 0 0 5
0 6 0 0 7 0 8 0 0
0 0 0 0 0 9 0 0 0
0 0 8 5 0 0 0 0 0
9 0 0 0 4 0 5 0 0
4 7 0 0 0 6 0 0 0

0 2 0 0 5 0 7 0 0
4 0 0 1 0 0 0 0 6
8 0 0 0 0 3 0 0 0
2 0 0 0 0 8 0 0 3
0 4 0 0 2 0 5 0 0
0 0 0 6 0 0 0 1 0
0 0 2 0 9 0 0 0 0
0 9 0 0 0 0 0 0 5
7 0 4 0 0 0 9 0 0

0 0 0 0 0 0 0 0 3
0 0 1 0 0 5 6 0 0
0 9 0 0 4 0 0 7 0
0 0 0 0 0 9 0 5 0
7 0 0 0 0 0 0 0 8
0 5 0 4 0 2 0 0 0
0 8 0 0 2 0 0 9 0
0 0 3 5 0 0 1 0 0
6 0 0 0 0 0 0 0 0

1 2 0 3 0 0 0 0 4
3 5 0 0 0 0 1 0 0
0 0 4 0 0 0 0 0 0
0 0 5 4 0 0 2 0 0
6 0 0 0 7 0 0 0 0
0 0 0 0 0 8 0 9 0
0 0 3 1 0 0 5 0 0
0 0 0 0 0 9 0 7 0
0 0 0 0 6 0 0 0 8

1 0 0 0 0 0 0 0 2
0 9 0 4 0 0 0 5 0
0 0 6 0 0 0 7 0 0
0 5 0 9 0 3 0 0 0
0 0 0 0 7 0 0 0 0
0 0 0 8 5 0 0 4 0
7 0 0 0 0 0 6 0 0
0 3 0 0 0 9 0 8 0
0 0 2 0 0 0 0 0 1

0 0 0 0 0 0 0 3 9
0 0 0 0 0 1 0 0 5
0 0 3 0 5 0 8 0 0
0 0 8 0 9 0 0 0 6
0 7 0 0 0 2 0 0 0
1 0 0 4 0 0 0 0 0
0 0 9 0 8 0 0 5 0
0 2 0 0 0 0 6 0 0
4 0 0 7 0 0 0 0 0

1 2 0 3 0 0 0 0 0
4 0 0 0 0 0 3 0 0
0 0 3 0 5 0 0 0 0
0 0 4 2 0 0 5 0 0
0 0 0 0 8 0 0 0 9
0 6 0 0 0 5 0 7 0
0 0 1 5 0 0 2 0 0
0 0 0 0 9 0 0 6 0
0 0 0 0 0 7 0 0 8

0 0 3 0 0 6 0 8 0
0 0 0 1 0 0 2 0 0
0 0 0 0 7 0 0 0 4
0 0 9 0 0 8 0 6 0
0 3 0 0 4 0 0 0 1
0 7 0 2 0 0 0 0 0
3 0 0 0 0 5 0 0 0
0 0 5 0 0 0 6 0 0
9 8 0 0 0 0 0 5 0

1 0 0 0 0 0 0 0 9
0 0 6 7 0 0 0 2 0
0 8 0 0 0 0 4 0 0
0 0 0 0 7 5 0 3 0
0 0 5 0 0 2 0 0 0
0 6 0 3 0 0 0 0 0
0 9 0 0 0 0 8 0 0
6 0 0 0 4 0 0 0 1
0 0 2 5 0 0 0 6 0

0 0 9 0 0 0 4 0 0
0 7 0 3 0 0 0 2 0
8 0 0 0 6 0 0 0 7
1 0 0 8 0 0 0 0 6
0 0 0 0 1 0 0 7 0
0 0 0 0 5 6 0 0 0
3 0 0 0 0 5 0 0 1
0 4 0 0 0 0 0 9 0
0 0 2 0 0 0 7 0 0

0 0 0 0 9 0 0 5 0
0 1 0 0 0 0 0 3 0
0 0 2 3 0 0 7 0 0
0 0 4 5 0 0 0 7 0
8 0 0 0 0 0 2 0 0
0 0 0 0 0 6 4 0 0
0 9 0 0 1 0 0 0 0
0 8 0 0 6 0 0 0 0
0 0 5 4 0 0 0 0 7

4 0 0 0 3 0 0 0 0
0 0 0 6 0 0 8 0 0
0 0 0 0 0 0 0 0 1
0 0 0 0 5 0 0 9 0
0 8 0 0 0 0 6 0 0
0 7 0 2 0 0 0 0 0
0 0 0 1 0 2 7 0 0
5 0 3 0 0 0 0 4 0
9 0 0 0 0 0 0 0 0

7 0 8 0 0 0 3 0 0
0 0 0 2 0 1 0 0 0
5 0 0 0 0 0 0 0 0
0 4 0 0 0 0 0 2 6
3 0 0 0 8 0 0 0 0
0 0 0 1 0 0 0 9 0
0 9 0 6 0 0 0 0 4
0 0 0 0 7 0 5 0 0
0 0 0 0 0 0 0 0 0

3 0 7 0 4 0 0 0 0
0 0 0 0 0 0 0 9 1
8 0 0 0 0 0 0 0 0
4 0 0 0 0 0 7 0 0
0 0 0 1 6 0 0 0 0
0 0 0 2 5 0 0 0 0
0 0 0 0 0 0 3 8 0
0 9 0 0 0 0 5 0 0
0 2 0 6 0 0 0 0 0

0 0 0 0 0 0 0 0 8
0 0 3 0 0 0 4 0 0
0 9 0 0 2 0 0 6 0
0 0 0 0 7 9 0 0 0
0 0 0 0 6 1 2 0 0
0 6 0 5 0 2 0 7 0
0 0 8 0 0 0 5 0 0
0 1 0 0 0 0 0 2 0
4 0 5 0 0 0 0 0 3

0 0 0 0 0 0 0 1 0
4 0 0 0 0 0 0 0 0
0 2 0 0 0 0 0 0 0
0 0 0 0 5 0 4 0 7
0 0 8 0 0 0 3 0 0
0 0 1 0 9 0 0 0 0
3 0 0 4 0 0 2 0 0
0 5 0 1 0 0 0 0 0
0 0 0 8 0 6 0 0 0

0 0 0 0 0 0 0 1 2
0 0 0 0 3 5 0 0 0
0 0 0 6 0 0 0 7 0
7 0 0 0 0 0 3 0 0
0 0 0 4 0 0 8 0 0
1 0 0 0 0 0 0 0 0
0 0 0 1 2 0 0 0 0
0 8 0 0 0 0 0 4 0
0 5 0 0 0 0 6 0 0

1 0 0 0 0 0 0 0 2
0 9 0 4 0 0 0 5 0
0 0 6 0 0 0 7 0 0
0 5 0 3 0 4 0 0 0
0 0 0 0 6 0 0 0 0
0 0 0 0 5 8 0 4 0
0 0 2 0 0 0 6 0 0
0 3 0 0 0 9 0 8 0
7 0 0 0 0 0 0 0 1

0 0 0 0 0 1 0 2 0
3 0 0 0 4 0 5 0 0
0 0 0 6 0 0 0 0 7
0 0 2 0 0 0 0 0 1
0 8 0 0 9 0 0 3 0
4 0 0 0 0 0 8 0 0
5 0 0 0 0 2 0 0 0
0 9 0 0 3 0 4 0 0
0 0 6 7 0 0 0 0 0

